[gd_scene load_steps=11 format=2]

[ext_resource path="res://player.tscn" type="PackedScene" id=1]
[ext_resource path="res://wall.tscn" type="PackedScene" id=2]
[ext_resource path="res://artwork.tscn" type="PackedScene" id=3]
[ext_resource path="res://artworks/melting-aesthetic.png" type="Texture" id=4]
[ext_resource path="res://artworks/galaxy-smoothie.png" type="Texture" id=5]
[ext_resource path="res://artworks/acc.png" type="Texture" id=6]
[ext_resource path="res://artworks/trained-voronois.jpg" type="Texture" id=7]
[ext_resource path="res://ground.tscn" type="PackedScene" id=8]
[ext_resource path="res://artworks/rainbow-blur.png" type="Texture" id=9]
[ext_resource path="res://label.tscn" type="PackedScene" id=10]

[node name="Spatial" type="Spatial"]

[node name="Ground" parent="." instance=ExtResource( 8 )]
transform = Transform( 1, 0, 0, 0, 1, 0, 0, 0, 1, -0.0277562, 0.428401, 0.196362 )

[node name="Wall2" parent="." instance=ExtResource( 2 )]
transform = Transform( 1, 0, 0, 0, -4.37114e-08, 1, 0, -1, -4.37114e-08, 0, 1.17307, 5.08675 )

[node name="Wall3" parent="." instance=ExtResource( 2 )]
transform = Transform( -4.37114e-08, 1, 4.37114e-08, 0, -4.37114e-08, 1, 1, 4.37114e-08, 1.91069e-15, 4.88303, 1.17307, 0.265596 )

[node name="SpotLight" type="DirectionalLight" parent="."]
transform = Transform( 0.90175, -0.331096, -0.277891, 0, -0.642881, 0.765966, -0.432259, -0.690709, -0.579718, -2.17451, 11.2388, -3.62004 )
light_energy = 1.28

[node name="Player" parent="." instance=ExtResource( 1 )]
transform = Transform( -0.738373, 0, -0.674393, 0, 1, 0, 0.674393, 0, -0.738373, 0, 0.801781, 0 )

[node name="Artwork" parent="." instance=ExtResource( 3 )]
transform = Transform( -1, 3.89414e-07, -1.70218e-14, 0, -4.37114e-08, -1, -3.89414e-07, -1, 4.37114e-08, -2.66725, 2.21961, 4.89973 )
texture = ExtResource( 6 )

[node name="Artwork2" parent="." instance=ExtResource( 3 )]
transform = Transform( -1, 3.89414e-07, -1.70218e-14, 0, -4.37114e-08, -1, -3.89414e-07, -1, 4.37114e-08, -0.477953, 2.21961, 4.89973 )
texture = ExtResource( 5 )

[node name="Artwork3" parent="." instance=ExtResource( 3 )]
transform = Transform( -1, 3.89414e-07, -1.70218e-14, 0, -4.37114e-08, -1, -3.89414e-07, -1, 4.37114e-08, 1.59083, 2.21961, 4.89973 )
texture = ExtResource( 4 )

[node name="SpotLight2" type="SpotLight" parent="."]
transform = Transform( 1, 0, 0, 0, -0.705402, 0.708808, 0, -0.708808, -0.705402, -2.52017, 3.88387, 2.8115 )
shadow_enabled = true

[node name="Artwork4" parent="." instance=ExtResource( 3 )]
transform = Transform( -4.37114e-08, -1, 1.62921e-07, 0, -1.62921e-07, -1, 1, -4.37114e-08, 7.12149e-15, 4.69635, 2.38342, 1.05172 )
texture = ExtResource( 7 )

[node name="Artwork5" parent="." instance=ExtResource( 3 )]
transform = Transform( -4.37114e-08, -1, 1.62921e-07, 0, -1.62921e-07, -1, 1, -4.37114e-08, 7.12149e-15, 4.69635, 2.38342, -2.48611 )
texture = ExtResource( 9 )

[node name="Label" parent="." instance=ExtResource( 10 )]
transform = Transform( -4.37114e-08, 0, -1, 0, 1, 0, 1, 0, -4.37114e-08, 4.72011, 2.31952, 2.78015 )
title = "Trained Voronois"
attribution = "Topi Tjukanov, 2018"
description = "This was part of a data visualization around train positions. The image shows multiple Voronoi analyses, accidentally drawn on top of each other using QGIS."
